-0.975396 0.140985 0.169465 -0.00283362
-0.404843 0.0182829 0.0105742 -0.914142
0.98032 -0.00855637 -0.192009 0.0450801
-0.790865 -0.00042894 0.209871 0.57488
-0.973839 0.0240149 0.202035 0.101207
0.949155 -0.0609954 -0.146471 0.271902
-0.0902292 -0.00391456 -0.0557839 -0.99435
-0.956718 0.168074 0.186911 0.14665
0.0481673 0.0205084 0.0608465 0.996773
-0.642388 0.218389 0.0200482 -0.734331
-0.00834648 -0.0722325 -0.047861 -0.996204
-0.697251 0.593855 -0.09314 0.390515
0.334196 -0.52281 0.138709 -0.771843
-0.167782 0.0933821 -0.0864221 -0.977579
-0.0125871 0.905271 -0.397151 -0.150325
0.0322168 0.639397 -0.26821 -0.719859
-0.023345 -0.506575 0.186964 0.841357
0.245552 0.53929 -0.0797863 0.801564
-0.0702906 -0.980271 0.172618 0.0658171
-0.130742 -0.196281 -0.0189045 -0.971609
0.199901 0.941208 0.0168139 0.271815
-0.189484 -0.90649 0.101577 0.363392
0.031254 -0.634112 0.0749439 0.768966
-0.00934456 -0.731098 0.0340683 0.681357
0.0512077 0.850036 0.0299098 -0.523376
0.124327 -0.430761 -0.0243311 0.89353
-0.183281 0.455211 0.0722405 -0.868316
0.126236 -0.780197 -0.294681 -0.537142
0.00968185 -0.640961 0.0625524 0.764959
0.441077 0.0100874 -0.203769 0.873972
-0.119009 0.0231241 -0.0627994 -0.990635
-0.694392 0.297487 0.51408 0.406256
0.520739 -0.267154 -0.387423 -0.712295
0.673674 -0.286461 -0.314953 0.604076
-0.581513 0.221333 0.273398 -0.733558
0.734998 -0.281245 -0.528909 -0.317703
-0.390636 0.124202 0.122848 -0.903817
-0.848747 0.336346 0.396847 -0.0949354
0.487488 -0.214152 -0.211003 -0.819739
0.43523 -0.140698 0.016913 0.889096
0.790315 -0.244367 -0.0199029 0.561507
-0.222493 0.0638871 0.0900891 0.968659
0.8921 -0.163167 -0.117847 -0.404533
0.294917 -0.0321227 -0.102899 -0.949423
-0.519599 0.0458672 -0.0111569 -0.853106
-0.979426 0.050685 0.0963276 0.169933
0.931661 -0.0610791 -0.101302 -0.343534
-0.68584 0.060983 -0.00264211 -0.725188
-0.916682 0.0836281 0.084808 0.381455
-0.840273 0.0882661 0.0887021 0.527524
-0.688502 0.0823449 0.0816872 0.715899
-0.283011 0.0409999 -0.0569541 -0.956546
0.982931 -0.129182 -0.025885 0.128408
-0.502282 0.0620619 -0.0493721 -0.861059
-0.221468 0.0203927 0.073951 0.972146
-0.261005 0.023367 0.073657 0.962239
-0.897911 0.0940152 -0.0157867 -0.42973
-0.283751 0.0374977 -0.0648883 -0.955965
0.0620795 -0.0148847 0.0705864 0.995461
-0.397856 0.0539263 0.0680062 0.913333
-0.972666 0.182582 0.025893 0.141121
-0.433176 0.0797011 0.0755251 0.894596
-0.0498991 -0.00969946 0.0667538 0.996474
-0.148016 0.0526201 -0.0526363 -0.98618
0.883624 -0.151557 -0.0847263 -0.43481
-0.352309 0.0473567 0.0839035 0.930911
0.98562 -0.0860983 -0.082568 0.119679
-0.312615 0.0358054 0.08196 0.94566
0.158583 0.0202389 0.04103 0.986285
0.91918 -0.00544452 -0.058394 0.389446
-0.411317 0.0328367 0.0870284 0.906734
0.734174 0.0213232 -0.00820971 0.678577
-0.676833 -0.00194556 -0.00639223 -0.736106
0.513878 -0.00840092 0.0378084 0.856988
-0.399988 0.00593412 -0.0649785 -0.914195
-0.994902 0.0302724 0.00741598 -0.0959104
-0.824347 0.0279398 0.0534582 0.562862
-0.812281 0.0183965 0.0494696 0.580874
0.991818 0.0127736 0.00981327 -0.126643
0.932403 0.00283096 -0.00120136 -0.361408
0.660344 -0.0222931 -0.0504443 -0.748935
-0.97171 -0.0180274 -0.0255586 0.234098
-0.988759 -0.0408644 -0.0277529 0.141121
-0.820293 -0.0821264 -0.092429 -0.558419
-0.64124 0.0149893 0.0590313 0.76492
0.439916 0.0863297 0.098686 0.888416
-0.835522 -0.0929471 -0.065668 -0.537542
0.45579 0.113266 0.0976194 0.877438
-0.142487 0.077617 0.0989914 0.981771
0.0315837 0.102111 0.101939 0.989032
0.312698 -0.0634464 -0.0845873 -0.943949
-0.987852 -0.117784 0.00360809 0.101303
0.624036 -0.00680853 -0.0653779 -0.778626
0.592826 -0.0140964 -0.0674415 -0.802378
-0.547957 0.0197438 0.0686775 0.833449
0.757783 0.00544448 -0.0677919 -0.648952
-0.823701 -0.0124591 0.0649501 0.563155
0.791108 0.0908617 0.0182362 0.604616
-0.972705 -0.0836035 -0.0430164 -0.212143
-0.908503 -0.104817 -0.123193 -0.385304
-0.829999 -0.119731 -0.218567 -0.498994
-0.401006 0.040124 0.133802 0.905363
0.209546 -0.0418853 -0.17684 -0.960762
-0.905287 -0.00889579 -0.0386017 0.42295
-0.819826 0.000302249 0.00438644 0.572596
0.940664 -0.00230673 0.0635192 -0.333334
-0.154635 -0.0214776 -0.292609 -0.943402
0.778159 -0.0125691 0.0223118 -0.627545
0.912909 -0.0364299 0.386434 0.126248
-0.331657 0.082209 -0.52848 -0.777145
0.447761 0.0244071 -0.258026 -0.855767
0.555456 0.0145318 -0.1922 -0.808898
0.595367 -0.139892 0.787039 0.0808577
0.724914 -0.109346 0.594913 -0.329579
0.584555 0.0221275 -0.219916 -0.780668
-0.543063 0.16033 -0.792943 0.224985
0.561399 -0.144899 0.548484 -0.602495
0.428297 0.185459 -0.879812 -0.089986
-0.0432756 0.191719 -0.735508 0.648381
0.166214 -0.120845 0.444576 -0.871849
-0.145305 0.0877844 -0.333539 0.927325
0.919951 0.0494401 -0.388855 0.00610864
-0.932569 -0.000973643 0.259287 0.251168
0.908647 -0.0241883 -0.19133 -0.370363
-0.16837 0.0345562 0.216281 -0.961083
0.276531 -0.0390484 -0.199478 0.939263
-0.296471 0.0416263 0.169017 -0.939045
-0.958446 0.0440637 0.128552 0.250825
-0.805824 0.0753357 0.156674 -0.566062
0.764359 -0.0811747 -0.14252 0.623581
-0.0760371 0.0481796 0.0723445 -0.993309
-0.969473 0.0534581 0.0877242 0.22264
-0.232065 0.045803 0.0629349 -0.969581
-0.93228 0.0412608 0.0598008 0.354367
-0.534353 0.0583617 0.052741 -0.841593
0.0781608 0.0301319 0.00815857 -0.996452
-0.997097 0.0665796 0.0341238 -0.0141593
-0.0123041 0.0369049 -0.00125377 -0.999242
-0.651476 0.0125129 0.0187698 0.758334
-0.541216 0.0340027 0.00487014 -0.840182
-0.101755 -0.0118427 0.0129498 0.994655
0.775117 -0.0400892 0.0166746 0.630324
-0.0433623 0.0277767 -0.0307343 -0.9982
-0.572428 0.0567228 -0.048229 -0.816567
-0.590887 0.063415 -0.0596667 -0.802042
-0.763986 0.0273132 -0.00918104 0.644589
0.0570255 0.0318904 -0.0460387 -0.996801
0.949336 -0.0557187 0.0305341 -0.307774
-0.709051 0.0703818 -0.0584303 -0.699199
-0.326438 0.0444645 -0.053126 -0.942676
-0.201093 -0.01543 0.0347564 0.978834
-0.919636 0.0390587 -0.0676695 -0.384922
-0.691544 0.0279492 -0.0781802 -0.717547
-0.992682 0.00920185 -0.0688447 0.0987833
-0.979055 -0.0092516 -0.0773443 0.188108
-0.749711 -0.017549 -0.112487 -0.651899
0.0910204 0.0112482 0.0743922 0.993003
0.905902 0.0537864 0.0664021 -0.414775
0.398594 0.0174561 -0.0200613 -0.916742
-0.66607 -0.122888 -0.114078 -0.726798
-0.883905 -0.126715 -0.0433693 0.448079
-0.0792885 0.0318663 0.0525433 0.994956
0.974803 0.156766 0.0562864 -0.148375
-0.978939 -0.166334 -0.0588977 -0.102675
0.846752 0.121072 0.0157102 -0.517789
0.154175 -0.0189352 -0.0456555 -0.986807
-0.288783 -0.104866 -0.0745104 -0.948713
0.179255 0.0808995 0.0736442 0.977701
0.873786 0.122137 0.041872 -0.468858
0.759661 0.0954572 0.0189946 -0.642995
-0.491695 -0.116018 -0.0824121 -0.85906
-0.961921 -0.100815 -0.0438091 0.25025
-0.365191 -0.0638986 -0.0725881 -0.925896
-0.270174 0.0236404 0.041806 0.961613
-0.169969 -0.0419603 -0.0594054 -0.982762
0.348909 -0.0235064 -0.0474316 -0.93566
-0.99172 -0.0331037 -0.0100798 -0.123667
-0.412344 0.0229872 0.0581323 0.908881
0.830072 0.00427032 -0.0540487 -0.555015
-0.0889295 -0.0397342 -0.0525559 -0.993856
0.905647 0.0095746 -0.0865158 -0.415001
-0.991984 -0.00387473 0.109172 -0.063517
-0.599344 0.0468009 0.132013 0.788143
-0.590705 0.0614674 0.128796 0.794167
-0.903279 0.0621404 0.139335 0.401012
-0.733943 -0.00133619 0.050718 -0.677314
-0.676672 0.0436056 0.124071 0.724444
0.69058 0.0311124 -0.0265883 0.722097
0.351879 -0.0113988 -0.0772297 -0.932784
0.126786 0.0335706 0.041122 0.990509
-0.768481 -0.0561936 -0.00349573 -0.637391
-0.523037 0.000807609 0.0483582 0.850937
0.763121 0.00590529 -0.0324273 -0.645415
0.446947 0.0413107 0.0347105 0.892932
0.366533 -0.0346935 -0.0281589 -0.929332
0.379768 -0.046595 -0.0291453 -0.923448
0.391062 0.0370963 0.0368197 0.918879
-0.222921 -0.0398824 -0.0316178 -0.973507
0.948886 -0.0148839 0.0472372 -0.311709
0.736086 -0.030622 0.0321279 -0.675431
-0.986319 0.0139565 -0.0428114 0.158578
0.437871 -0.044988 -0.0188145 -0.897714
0.422992 -0.0422259 -0.02721 -0.90474
-0.325845 0.0402288 0.031546 0.94404
0.0677172 -0.0396394 -0.0331584 -0.996365
0.178251 -0.0367645 -0.0324554 -0.982762
-0.953344 -0.0109363 -0.0205226 -0.30099
-0.0692185 -0.0392036 -0.0364608 -0.996164
0.746941 -0.0317945 -0.0178757 -0.663889
-0.0818464 0.0455973 0.0448373 0.994591
0.0998283 -0.0443722 -0.0557178 -0.992452
0.848699 -0.028972 -0.0616974 -0.524465
-0.943009 -0.00927968 0.0131176 -0.332378
0.875059 0.0242965 0.00289245 0.483397
-0.96126 -0.0224947 0.0137569 -0.274378
-0.640994 -0.0318492 -0.0297979 -0.766306
0.957325 0.015361 -0.0187811 0.287993
0.763171 0.0267851 0.0151642 0.645463
-0.52444 -0.0339816 -0.040981 -0.849782
0.248985 0.0369001 0.0643634 0.965662
0.921672 0.0189124 -0.0138551 0.387261
0.881183 -0.0133599 -0.0849231 -0.464894
-0.785393 0.023036 0.0975676 0.610825
0.184638 0.0401888 0.07591 0.979046
-0.830118 0.0180532 0.102407 0.547805
-0.464303 -0.0305055 -0.054434 -0.883476
0.331398 0.019346 0.0755118 0.940266
0.877727 0.0349929 -0.017436 0.477563
-0.519781 -0.0286097 0.14554 0.841325
-0.622725 -0.0405405 0.142906 0.768211
-0.318418 -0.0319317 0.113392 0.940602
0.551113 0.0167082 0.0382828 0.833384
-0.726833 -0.0184817 0.0836084 0.681455
0.556156 0.0376443 0.0332784 0.829557
-0.642903 0.0297556 0.0957172 0.759361
-0.484842 -0.000538229 0.0967797 0.86923
0.336185 -0.0119094 0.0483392 0.940479
-0.481666 0.0165808 -0.0275652 -0.875764
0.177346 0.153005 -0.0171124 -0.972031
0.551247 -0.052229 0.00458532 0.832693
-0.78891 -0.0284331 -0.00579507 -0.613823
0.479965 -0.134874 -0.038941 0.865983
-0.782898 -0.382843 -0.145899 0.468204
0.384982 0.35018 0.155024 -0.839721
0.953638 0.235724 0.0909338 -0.163523
-0.982853 -0.171327 -0.063889 0.0237691
-0.865627 -0.200438 -0.0868378 0.450526
0.561039 -0.0406372 -0.0298229 0.826253
0.124394 -0.172607 -0.124821 0.969099
-0.947868 -0.268121 -0.170963 -0.0206953
-0.887149 -0.17491 -0.109786 -0.412699
-0.725722 -0.495172 -0.443809 -0.176539
-0.779298 0.0997494 0.128896 -0.605087
0.175274 -0.692048 -0.642557 0.278333
0.809128 0.113938 0.0692895 0.572301
0.356804 0.721031 0.531337 0.265493
0.556131 0.510523 0.292979 0.586726
0.858804 -0.0689882 -0.0435162 0.50577
-0.715393 0.373851 0.176023 0.563439
0.981258 -0.0686871 -0.0428323 0.174874
0.606583 -0.182759 -0.0791788 -0.769667
-0.640772 -0.0813431 -0.0293587 -0.762845
-0.752553 0.130649 0.0315258 0.644671
0.97019 -0.0619304 0.000443477 -0.234297
-0.713774 -0.0591432 -0.0132066 -0.697749
-0.889298 -0.0353714 -0.0166405 -0.455655
0.737106 0.0514642 0.0118601 0.673711
-0.214576 -0.0515709 0.00219239 -0.975342
0.0253841 -0.027985 0.00339097 -0.99928
-0.998329 -0.0445408 -0.0141919 0.0339807
0.69337 0.045451 0.011089 0.719061
-0.822323 -0.0210647 -0.0344314 0.567588
0.986021 0.028053 0.0523194 -0.155685
0.675268 0.0502 0.00216412 0.735859
0.997532 0.0132001 0.0657263 0.0208832
-0.42948 -0.0634988 0.0232412 -0.900541
0.906019 0.031315 0.0331639 0.420772
-0.675843 0.0477362 -0.0636848 0.732735
-0.124752 -0.0685309 0.0170557 -0.989671
0.532704 -0.05096 0.0110042 -0.844694
-0.0253038 0.0610754 0.00665073 0.99779
-0.690844 0.0231062 0.0099169 0.722567
0.653161 0.0510879 0.00989386 0.755429
-0.845684 -0.0176569 0.00684206 0.533347
-0.988833 -0.0456768 -0.00453045 -0.14178
0.13784 -0.0286133 -0.015766 -0.989916
-0.708836 -0.0500873 -0.00887538 -0.703537
-0.507156 -0.0498453 -0.0120767 -0.860327
-0.867115 0.0108367 0.00616111 0.497951
0.182328 -0.0524933 -0.00803936 -0.981803
0.113156 0.0620729 0.00467189 0.991625
0.119682 -0.0580848 -0.00129818 -0.991111
0.984386 0.000248043 0.00782605 -0.175847
-0.31994 -0.0589453 -0.00933403 -0.945556
0.279918 -0.067313 -0.00883978 -0.95762
-0.468411 -0.0598816 -0.00956781 -0.881427
-0.313885 -0.0698173 -0.0069935 -0.946865
0.647343 -0.0770394 0.0149555 -0.758148
-0.98902 0.0106868 -0.0300557 -0.144296
-0.616582 -0.049706 -0.0130072 -0.785612
0.436364 0.0624384 0.00474137 0.897589
0.232113 -0.0790692 0.0260525 -0.96912
-0.867682 0.0547596 -0.041983 0.492308
-0.504955 -0.0580007 -0.00714963 -0.861165
-0.337719 0.0852593 -0.00859586 0.937338
0.774945 0.0264651 0.00805676 0.631423
0.173269 0.0810978 -0.000772848 0.98153
-0.994373 0.0464018 -0.0378315 -0.0873956
-0.994176 0.0722561 -0.0497449 0.0625972
-0.786448 -0.00756884 -0.0291474 -0.616922
0.71534 0.02415 0.0280922 0.697794
-0.995654 0.0478786 -0.0692354 0.0398402
0.776745 0.0319277 0.0410708 0.627663
0.799554 -0.0693331 0.0561376 -0.593931
-0.075148 -0.0808823 0.0116869 -0.993818
0.346251 -0.0864686 0.0111527 -0.934082
-0.51756 -0.0592023 0.00583928 -0.853576
0.914116 -0.0525488 -0.0168007 -0.401682
0.484216 -0.0874697 -0.00538898 -0.870549
0.927857 -0.0495289 -0.000751522 -0.369631
0.187439 -0.0858407 0.00714527 -0.978492
-0.301797 0.0807698 -0.00926232 0.949899
-0.362359 0.0787636 -0.0040959 0.928695
0.071684 0.0809842 -0.00263407 0.994131
0.996894 -0.00979913 -0.0456563 0.0634255
0.153275 0.0794708 -0.00606021 0.984964
0.892501 0.0442265 -0.0893883 0.439882
0.976193 0.0466791 -0.130133 0.167132
0.920348 0.0351202 -0.148827 -0.359968
0.586104 0.121316 -0.0841872 0.796666
0.205095 -0.0301399 -0.047021 -0.977147
0.484663 0.180394 -0.0759977 0.852516
-0.685846 -0.252747 0.142809 -0.667338
-0.431092 -0.0942212 0.146483 0.885339
0.254942 0.150681 -0.0725007 0.952388
-0.856379 -0.339334 0.363232 -0.13975
-0.505724 -0.166054 0.268946 0.802706
-0.819281 -0.36596 0.431978 0.0908134
0.563874 0.299099 -0.362142 -0.679293
0.565251 0.44737 -0.462919 -0.515808
-0.474544 -0.647635 0.571849 -0.168424
0.258281 0.495139 -0.366264 0.744298
0.0790179 0.143848 -0.0358444 0.985789
-0.659454 -0.496454 0.208009 -0.524772
0.626464 0.2582 -0.0554455 0.73335
0.517809 0.145366 -0.0227421 0.842749
-0.360453 0.0253645 0.0350927 0.931772
0.105713 0.0654888 0.0161973 0.992106
0.105249 -0.0587568 -0.0170488 -0.992562
0.452262 -0.0331155 0.0334452 -0.890643
0.188509 -0.0420601 0.0273469 -0.980789
-0.76281 -0.173058 -0.366524 -0.503817
-0.228223 -0.0368031 -0.136749 0.963255
-0.090885 0.0101268 -0.0493447 0.994587
0.656823 0.419857 0.368666 0.506349
-0.365912 -0.350286 -0.196326 -0.839562
-0.506722 -0.650623 -0.243466 0.510535
0.209855 0.534979 0.124197 0.808909
-0.12207 -0.247332 -0.0131814 0.96112
-0.568087 -0.816464 -0.0904825 0.0497617
-0.216952 -0.246648 -0.00317637 0.944503
0.536527 0.787687 0.0239039 0.301855
-0.102478 -0.272832 0.0153862 0.956464
0.0847538 -0.725778 -0.00520944 -0.682668
0.354454 -0.767672 0.0481366 0.531719
0.29003 -0.58095 0.0358181 -0.759669
-0.175175 0.222236 -0.0560703 -0.957487
-0.304731 0.438296 -0.132055 -0.835223
-0.460383 0.81166 -0.213839 0.289012
-0.351116 0.644348 -0.181601 -0.654641
0.333558 -0.736346 0.18329 0.559409
0.196801 -0.602353 0.104755 -0.766464
-0.00923009 0.125565 0.00223671 0.99204
-0.218369 0.650087 -0.119421 -0.717942
0.261857 -0.90978 0.0978493 0.306848
-0.253647 0.960705 -0.0641856 -0.0926833
-0.0563306 0.358107 0.0132065 0.931886
0.169032 -0.810822 -0.0460654 -0.558457
-0.215302 0.866872 0.0514977 -0.446684
0.231827 -0.962553 -0.104255 0.0942255
-0.197656 0.752828 0.0767368 -0.623132
0.0844389 -0.217217 -0.000633246 0.972464
0.182209 -0.781622 -0.0541698 -0.594082
0.0326697 -0.238426 -0.0228226 -0.970343
-0.0377861 0.0298757 -0.0176677 -0.998683
-0.14931 0.496214 1.55913e-05 -0.855265
0.109849 -0.624341 -0.0665134 -0.770524
0.165303 -0.950863 -0.126752 -0.22906
-0.142307 0.718557 0.0971542 -0.673784
0.0162963 -0.35371 -0.100365 -0.929812
0.140202 -0.831687 -0.141235 0.518356
0.00818492 0.299892 0.100001 0.948682
0.0762271 -0.969502 -0.229701 -0.0386325
0.0564657 0.0590623 0.0654218 0.994507
0.0185667 -0.958316 -0.281407 -0.0457776
0.0591291 0.204386 0.116514 0.970131
-0.0663187 0.157022 -0.00790056 -0.985334
-0.0230583 -0.854652 -0.287735 -0.431562
-0.0454582 0.794626 0.212869 -0.566737
-0.00445333 0.931491 0.294789 0.213081
-0.0642876 0.147047 -0.00885668 -0.986998
0.028402 0.624111 0.20657 0.752999
0.0276411 0.647084 0.18097 0.740114
0.0658026 -0.0569855 0.011228 0.996141
0.0650452 0.721589 0.134794 0.675951
0.0222888 0.973491 0.147517 -0.173368
0.0825797 0.113464 0.00578724 0.990087
-0.0583286 -0.886611 -0.0646345 -0.454248
-0.100399 -0.691634 -0.00981271 -0.715168
-0.0934024 -0.986958 -0.00755235 0.130891
0.21166 0.453442 -0.0948852 0.860574
0.168009 -0.0339274 -0.0895322 0.981125
-0.253431 -0.180321 0.11238 -0.943731
-0.127623 -0.775752 0.0178699 0.617739
0.289385 0.616101 -0.100294 0.725684
-0.205085 -0.596236 0.0649949 -0.773446
-0.0699702 -0.972332 0.00636082 0.222786
-0.0634938 0.0504696 0.0499623 -0.995452
0.0390943 0.947408 -0.0307958 0.316136
-0.0145998 -0.996425 0.0321754 -0.0767362
-0.0192898 -0.595558 0.0798429 -0.799102
-0.0538394 0.973314 -0.0350081 -0.220309
0.0791337 -0.796955 0.085931 -0.592635
-0.0529565 0.609299 0.0247357 -0.790783
-0.00398261 -0.188665 -0.0632988 0.979991
-0.0744877 0.85742 -0.0158292 -0.508951
0.0369798 -0.961269 0.084847 -0.259605
-0.0341783 -0.601876 0.101061 -0.791432
0.0493572 0.727027 -0.0975228 0.677853
-0.00500848 0.990948 -0.0399393 -0.128066
-0.0127329 0.836053 -0.083025 0.542181
-0.0663594 0.927102 -0.0207556 -0.368304
-0.0138794 -0.0754412 -0.0731386 0.994367
0.0212276 0.0846219 0.0770769 -0.993201
-0.0996781 0.992891 -0.0264974 -0.0594083
0.0995795 -0.902237 0.000834733 0.419585
0.152788 -0.967638 0.0160228 0.200188
-0.105594 0.820133 0.0125249 -0.562205
-0.261778 0.917659 -0.00548195 0.298906
0.293792 -0.79746 -0.0123787 -0.526868
0.223378 -0.969195 -0.0381214 0.0964855
-0.0520067 -0.158209 0.0229689 0.985768
-0.00482215 -0.0477442 -0.0631572 -0.996849
-0.0466715 -0.986067 -0.130456 -0.0920564
-0.155548 -0.338058 -0.107188 -0.921972
0.141885 0.69565 0.0947637 0.697825
-0.167094 -0.35415 -0.0365471 -0.919414
0.217621 0.345852 0.0476035 0.911461
-0.151508 0.333744 -0.00716009 -0.930381
0.180715 0.977583 0.0841296 0.0677945
-0.12244 -0.976498 -0.0733168 0.161511
-0.186722 0.0646568 -0.0253434 -0.979955
0.137707 0.938515 0.0502125 0.312579
-0.043666 0.728991 0.0261486 -0.682629
0.0687021 0.871801 0.0359134 0.483688
-0.146385 -0.16266 -0.00887112 -0.975722
0.0414157 -0.724759 -0.0266051 0.687242
-0.328492 -0.756246 -0.0792089 -0.560277
0.104068 0.895244 0.0690595 -0.427713
-0.342222 -0.875196 -0.148613 -0.307944
-0.262111 -0.896298 -0.111635 -0.339831
-0.141176 -0.974571 -0.085254 0.151698
-0.147061 0.464578 -0.00377508 -0.873228
0.361458 0.431118 0.0169927 0.826557
-0.148627 -0.986332 0.0493897 0.0511877
-0.114401 -0.0270243 0.203924 -0.971904
-0.0281244 0.68134 -0.314687 0.660271
-0.0221582 0.977599 -0.163457 -0.130736
0.162377 0.712003 -0.207592 0.650838
-0.100126 -0.911555 0.0141003 0.398551
0.293728 -0.290611 0.00580348 0.910624
-0.0749864 0.677359 0.0153332 -0.73166
-0.223069 0.393671 -0.0664467 -0.889296
-0.288079 -0.00864298 -0.290489 -0.912443
-0.173414 -0.571527 -0.721704 -0.349896
0.0517681 -0.524522 -0.810766 0.254665
-0.23012 -0.505279 0.821327 -0.130995
0.106457 0.905774 -0.288268 0.29179
-0.00575716 0.130186 0.147308 -0.980469
-0.0325509 0.593859 0.0452779 -0.802634
-0.0574297 -0.930089 0.042078 -0.36037
0.184197 0.022333 -0.0319294 0.982117
0.396569 0.781032 0.0396361 0.480782
0.399682 0.91008 0.0383634 0.10265
-0.069533 -0.827463 -0.012923 0.557048
0.0714354 -0.674158 -0.0380907 0.734137
-0.316028 0.0517318 0.13021 -0.938347
-0.339206 -0.413833 0.171728 -0.827158
-0.271359 -0.777121 0.178876 -0.538935
0.206037 0.55518 -0.169709 0.787733
-0.105984 0.0166113 0.104179 -0.988756
-0.030585 0.805002 -0.0359327 0.591393
-0.131576 0.957027 0.0370972 0.255755
-0.0759639 0.825585 0.0474022 -0.557128
0.0791732 -0.989947 -0.113423 0.0295254
-0.0498011 0.622305 0.0189202 -0.78096
-0.0479412 0.687505 0.0302247 -0.723965
-0.0541387 -0.986826 -0.115889 0.0990576
0.125432 0.853303 0.148253 0.483903
-0.106004 -0.79559 -0.113309 -0.585628
0.0653133 -0.557474 -0.0137175 0.827508
0.00158569 0.912551 0.0523474 -0.405595
0.0129345 0.911186 0.0446142 -0.409368
-0.195932 -0.409286 -0.0373759 -0.890336
-0.21334 -0.927693 -0.0592787 -0.300595
-0.282648 -0.549882 -0.0213845 -0.785673
-0.0870832 0.539984 0.0233176 -0.836833
0.00491886 0.825747 0.00937575 -0.563941
-0.052095 -0.973596 0.00996385 0.222029
-0.0376425 -0.99708 0.0109686 0.0655365
-0.099737 -0.261693 0.0341269 -0.959377
-0.0800178 0.471933 0.0250639 -0.877638
0.0375519 -0.769918 -0.0220532 0.636655
0.165137 0.752472 0.00598031 0.637558
0.183673 0.828777 0.010987 0.528461
-0.1905 -0.339872 0.007795 -0.920943
-0.0908062 0.464139 0.022427 -0.88081
-0.195953 -0.611759 -0.00481087 -0.766375
0.170126 0.275979 -0.0275074 0.945588
0.118961 0.911006 -0.0304967 0.393684
0.122884 -0.0998745 -0.030075 0.986925
-0.0629416 -0.883358 0.0045583 -0.46443
0.0689344 0.537781 -0.00011881 0.840262
-0.0485357 -0.420435 -0.00462269 -0.906012
-0.105553 0.898527 0.0436724 -0.423793
-0.105287 0.960937 0.0585473 -0.249174
-0.108911 0.657155 0.0502477 -0.744151
0.0564985 -0.990367 -0.101951 -0.0747511
0.0938345 -0.228952 -0.0107558 0.968845
-0.099959 -0.263054 -0.0426759 -0.95864
-0.0755764 -0.973304 -0.0906018 -0.196871
-0.111398 -0.850269 -0.0691956 -0.50975
-0.110231 -0.0362705 -0.00987453 -0.993195
0.0346665 -0.949648 -0.0707123 0.303261
0.101189 -0.368056 -0.0231168 0.923992
-0.0986372 0.69377 0.0563933 -0.711178
0.102996 -0.636341 -0.05312 0.762653
0.0923489 -0.00515394 0.00941156 0.995669
-0.123625 0.712932 0.067517 -0.686939
-0.00594555 -0.651204 -0.0816698 -0.754472
0.13194 -0.760408 -0.0802602 0.630816
0.0643962 -0.96575 -0.104538 -0.228585
-0.0919393 0.035822 -0.00797371 -0.995088
-0.0277392 0.961282 0.0567419 0.268229
0.0393591 0.635261 0.0331042 0.770584
0.00194538 0.864817 0.0407914 0.500423
0.0347236 0.648817 0.0445834 0.758843
0.0251937 -0.95442 -0.0774135 -0.287151
-0.0220866 0.917755 0.0928878 0.385498
-0.0635608 -0.342391 -0.0432044 -0.936409
0.0584678 -0.99051 -0.120824 -0.0295529
-0.00393011 0.831079 0.101264 0.546844
0.0291403 0.606846 0.0725011 0.790969
-0.107303 0.958472 0.095473 -0.24638
-0.13994 0.720733 0.0576169 -0.676492
0.157882 -0.635137 -0.0539072 0.754167
-0.151945 0.36051 0.0392564 -0.919459
-0.00503602 0.653947 0.0817321 0.752095
0.138031 -0.54581 -0.0658084 0.823837
0.0876997 -0.985578 -0.114552 0.0884416
0.0993349 -0.919204 -0.0998998 0.367719
0.114929 -0.838063 -0.089006 0.525851
-0.00240062 0.766693 0.0823062 0.636712
0.0887264 -0.15031 0.00134465 0.984649
-0.0688675 0.599126 0.0307496 -0.797095
-0.0167475 0.926103 0.0583507 -0.372355
0.0454996 0.179389 0.0338457 0.982142
-0.0152192 0.273708 -0.0019885 -0.96169
-0.0036946 -0.447345 -0.00979788 0.8943
-0.0205229 0.218789 -0.00832227 -0.975521
0.0560943 -0.143332 0.012848 0.988
0.102841 -0.103291 0.0132546 0.989232
-0.0217715 0.831452 0.0783402 0.549614
-0.0656585 0.960423 0.0912612 0.25485
0.0577206 -0.993767 -0.0945897 -0.0121791
0.0344357 -0.939814 -0.075639 0.331425
0.0323992 0.920968 0.0785087 0.38027
0.0227983 0.0818847 0.0254261 0.996057
0.073049 0.968622 0.0751093 -0.225375
-0.0499049 -0.629332 -0.0640565 -0.772883
0.02233 0.329985 0.03906 0.942913
-0.0105962 -0.100835 0.00365109 0.99484
-0.0284843 -0.434755 -0.0219425 0.899831
0.0576087 0.822437 0.0739358 0.561082
0.0256094 0.186682 0.0394505 0.981294
-0.0559601 -0.95861 -0.0596597 0.27272
0.0679503 0.974209 0.077558 -0.200712
-0.00222324 -0.105146 -0.014313 -0.994351
-0.118664 -0.975247 -0.106899 0.152923
-0.0116304 0.305055 0.025837 0.951913
-0.180213 -0.916938 -0.102582 0.340918
-0.00189687 -0.45135 -0.0472382 -0.891094
0.170585 0.978418 0.0871027 0.0775403
-0.105421 -0.234366 -0.00444808 0.966405
-0.1326 -0.981829 -0.0789964 -0.110404
0.121787 0.970581 0.0687155 -0.196008
0.0721821 0.821668 0.0729862 -0.560646
0.0218893 0.882085 0.110108 -0.457518
-0.0100271 0.985547 0.15944 -0.0563495
0.0999925 0.392007 0.00627448 0.91449
0.122757 0.349021 -0.0072158 0.929012
-0.202613 0.5695 0.179289 -0.776191
-0.232225 0.257258 0.166758 -0.923083
0.100171 -0.959404 -0.212283 -0.156352
-0.0355034 -0.784627 -0.0969762 -0.611307
-0.173363 0.260096 0.118138 -0.942517
0.0100109 -0.905239 -0.122324 -0.406791
0.0884572 0.595852 0.0474124 0.796799
0.131703 0.367296 -0.0129364 0.920641
-0.00922413 -0.86177 -0.121755 -0.492386
-0.155591 0.428932 0.192032 -0.868868
-0.0911692 0.79282 0.253425 -0.546718
0.0801877 0.131397 -0.105459 0.982437
-0.0556106 -0.486289 -0.00350823 -0.872019
-0.0445163 -0.390382 0.00698119 -0.91955
0.0365432 0.870746 0.120324 0.475381
-0.0486778 0.588912 0.196565 -0.782417
-0.0887395 0.320068 0.191033 -0.923682
0.124437 -0.787965 -0.312159 0.51593
-0.0573316 -0.74162 -0.0695217 -0.664741
0.268884 0.0528415 -0.268958 0.923348
-0.392512 0.602575 0.444184 -0.534357
0.153217 0.655696 -0.0248031 0.738899
0.00250155 0.822396 0.140652 0.551249
0.27309 0.0176882 -0.425557 0.862561
-0.0676408 0.708844 0.54792 -0.439031
-0.10501 -0.917058 -0.29951 -0.241394
0.00680898 0.771197 0.0752806 0.632093
-0.131184 -0.832142 -0.260153 -0.47186
-0.061106 -0.806911 -0.146477 -0.56895
0.593147 0.594377 0.415236 0.349959
-0.312189 -0.655763 -0.193194 -0.659688
0.743469 -0.243538 0.232862 0.577683
-0.188774 0.96843 -0.0809535 0.14126
-0.0504063 0.258515 -0.427051 -0.865018
0.0968168 0.0850804 -0.39327 -0.910344
-0.104453 -0.333558 0.334919 0.875019
0.00585253 -0.892273 0.189828 0.409609
-0.214857 0.20246 -0.179694 -0.93838
-0.0324922 -0.796142 -0.105262 -0.594997
-0.410256 0.906365 0.100844 -0.00481564
0.0480512 -0.852212 -0.113719 -0.508423
-0.499947 0.14424 -0.00837494 -0.853919
0.0506312 0.772091 0.106839 0.624418
0.208574 -0.552371 0.112635 0.799185
0.121353 -0.26766 0.139198 0.945651
-0.00711191 0.957041 0.0741379 0.280225
-0.0934589 -0.451688 -0.100744 -0.88153
0.0955101 0.500069 0.0767561 0.857273
-0.11261 0.87706 0.155859 -0.440219
-0.152057 0.475165 0.145645 -0.854333
0.0629498 -0.977602 -0.189307 0.0670464
-0.165165 0.77381 0.087008 -0.605283
-0.140163 -0.0800226 -0.012756 -0.986807
-0.150146 0.778557 0.130925 -0.595117
0.199081 -0.310636 -0.042263 0.928486
-0.169706 0.899425 0.124977 -0.382903
-0.172531 -0.234657 -0.015153 -0.956525
-0.0181931 -0.843212 -0.118501 -0.524042
0.134102 -0.864982 -0.153588 0.458512
0.0295769 -0.981446 -0.155343 -0.108429
-0.0254986 -0.897114 -0.128333 -0.421981
-0.00711048 0.95416 0.145187 -0.261626
-0.0314825 -0.990162 -0.13577 -0.0124226
-0.0517025 -0.9903 -0.120007 -0.0472294
-0.0408488 -0.53012 -0.0790845 -0.843238
0.00393098 0.105448 0.0450646 0.993395
-0.0741797 -0.905428 -0.0794004 0.410358
-0.0794543 -0.988241 -0.112242 -0.06684
-0.0680218 -0.886625 -0.0941632 0.447664
0.0681013 0.955804 0.115488 0.261656
0.0727503 0.987758 0.102636 -0.0922356
0.0612621 0.805436 0.0618969 -0.58625
-0.0261208 -0.361011 -0.0676631 -0.929737
-0.0668052 -0.970591 -0.103285 -0.206936
-0.00920524 -0.00842619 -0.0462102 -0.998854
-0.0648808 -0.99129 -0.0547794 0.100665
0.0462664 0.667045 -0.0501382 -0.741887
-0.0804034 -0.963972 -0.0319514 -0.251539
-0.00406142 0.208701 0.123993 0.970079
0.0775632 0.341357 -0.13202 -0.927378
-0.0783868 -0.498752 0.117826 0.855113
-0.0849782 -0.99506 0.00656288 0.0509047
0.0508767 0.770871 0.0793222 0.629982
-0.0446913 -0.691103 -0.0901688 -0.715716
0.0491453 0.950077 0.0101951 -0.307953
0.0377328 0.525737 -0.0510019 -0.848278
0.0638276 0.530372 -0.0479603 -0.843997
0.0717481 0.779544 0.0912927 0.615491
-0.00415069 -0.240819 -0.0935035 -0.966047
-0.0889783 -0.993583 -0.053498 -0.0448709
-0.0435826 -0.64783 -0.0956576 -0.754498
0.00964673 0.364497 -0.0591068 -0.929277
-0.0399002 -0.966309 -0.0655064 -0.245692
0.0360722 0.926455 0.00947687 -0.374552
0.0126765 0.161632 -0.0775864 -0.983715
0.0743075 0.771782 0.0911392 0.62492
0.135924 0.94692 0.0318221 -0.289577
0.0925303 0.77631 0.101656 0.61518
-0.0398721 -0.122303 0.0603861 0.989851
0.108298 0.959023 0.113292 0.236034
0.0493215 0.575904 0.117286 0.807556
0.107439 0.969909 0.119539 -0.182875
0.103887 0.978473 0.144095 0.105046
-0.0942786 -0.918476 -0.146073 -0.355214
0.082328 0.881765 0.134821 0.444451
0.0744723 0.834871 0.061269 -0.541932
0.048427 0.79742 0.0536495 -0.599082
0.01185 0.951749 0.132855 0.276376
-0.0044676 -0.115176 -0.0722864 -0.990701
0.0569122 -0.693245 -0.0437541 0.717118
0.0305732 -0.487432 -0.106485 -0.866104
0.0784577 -0.898039 -0.103181 -0.420386
0.0758064 -0.948724 -0.0232083 0.306002
-0.00934466 -0.0595321 -0.0709426 -0.995658
0.00694087 -0.253085 0.0771952 0.964334
-0.0104264 -0.395496 0.0832637 0.914626
-0.0333483 -0.448262 -0.0449495 -0.892148
-0.0325924 -0.428671 -0.0436077 -0.901819
-0.0489466 -0.798659 0.00274316 -0.599783
-1.11639e-05 -0.0804005 0.0799769 0.993549
-0.048457 -0.604389 -0.0100474 -0.795151
-0.0703426 -0.711603 0.0184385 -0.698809
-0.101228 -0.758157 0.138411 0.629121
0.208833 0.949353 -0.118297 0.202789
0.0437041 0.115957 0.0544737 0.990796
0.399755 0.846404 -0.163796 0.311396
-0.356781 -0.687374 0.131615 -0.618791
-0.253094 -0.55915 0.179488 0.768816
0.0137745 0.0343196 0.0725592 0.996678
-0.0145115 0.528713 -0.058752 -0.846641
0.337726 -0.625879 -0.245369 -0.658794
0.632487 -0.587648 -0.394246 0.314961
-0.0164913 0.0419919 -0.0643153 -0.996909
0.67615 -0.284894 -0.672367 0.0978701
0.297563 -0.0811124 -0.512601 -0.801322
0.393857 -0.126441 -0.855455 0.311588
-0.287003 0.0692301 0.877934 -0.376919
0.0688665 0.0268668 -0.405773 -0.910979
0.0835468 0.0215922 -0.930245 0.356648
0.00474876 -0.0318834 0.0433634 0.998539
0.0408268 -0.0957731 0.7341 -0.671012
0.0325591 -0.0767468 0.304871 0.948738
-0.130152 0.169183 -0.89945 -0.38135
-0.128432 0.144601 -0.790669 -0.580894
-0.155102 0.143061 -0.977253 -0.0212758
0.129713 -0.120661 0.984096 -0.0130985
0.0999616 -0.0837756 0.987701 0.086228
0.0636323 -0.0465688 0.802589 0.591299
-0.0712693 0.00117072 -0.955697 0.28559
0.022282 -0.0200659 0.392635 0.919205
0.0442087 0.00692156 0.951497 0.304386
0.0290989 -0.00507218 0.853814 0.519739
-0.0092444 -0.0263659 -0.261032 0.964926
0.00595802 0.0259256 -0.398606 -0.916737
-0.0306707 -0.00214462 0.953805 -0.298849
0.0619165 0.0328865 -0.83396 -0.547354
0.0883679 0.0432061 -0.780698 -0.617118
0.110206 0.0616461 -0.835076 -0.535446
0.0536902 0.0535824 -0.28446 -0.955682
-0.0283024 0.00103267 0.387922 -0.921257
-0.0955033 -0.104477 0.934627 0.326245
0.0589447 0.0865581 -0.569837 -0.815058
0.00244542 -0.0252816 -0.138837 0.98999
0.0027139 -0.0232874 0.536741 -0.843421
0.0545448 -0.0619387 0.742686 -0.664534
-0.167351 0.150916 -0.811237 -0.539549
0.128787 -0.106456 0.308646 0.936386
-0.247261 0.174051 -0.948013 0.0991902
-0.235631 0.174165 -0.921438 0.255141
-0.0274948 0.0116633 -0.36206 0.931676
-0.145461 0.11418 -0.327098 -0.926721
-0.175651 0.10836 -0.854842 0.476078
-0.215176 0.124147 -0.816181 -0.521666
0.0903195 -0.0520309 0.234489 0.966514
-0.148203 0.0836384 -0.985414 0.000682735
0.0972316 -0.0730955 0.943321 -0.308786
0.0486661 -0.0463126 0.704324 -0.706693
-0.019269 -0.0514273 0.177867 0.982521
-0.046164 -0.0559725 0.253194 0.964691
0.082917 0.047707 -0.216128 -0.971667
0.0671347 0.0688394 -0.885224 0.455118
-0.177273 -0.0645942 0.470819 0.861819
0.163609 0.0590124 -0.408089 -0.896221
-0.159388 -0.0524604 0.448869 0.877701
0.128395 0.0589022 -0.987098 -0.0753834
-0.0642713 -0.0411975 0.896477 -0.436465
-0.0231881 -0.0280328 0.72878 -0.683781
0.103009 -0.00771066 -0.248216 -0.963181
-0.117954 -0.0196471 0.98915 0.0853466
0.0330074 0.0254986 -0.776629 0.628576
0.00441263 0.0247996 -0.635881 0.771376
-0.0779795 0.011058 0.360943 0.929256
-0.0424765 0.00834162 0.443465 0.895246
0.0292521 -0.00380758 -0.816263 -0.576927
-0.0182487 0.0190449 0.0787038 0.996549
-0.0423409 0.0244124 0.267907 0.962204
0.0594748 -0.0272422 -0.194225 -0.978773
0.0409648 -0.0261181 0.168974 -0.984422
0.0189567 -0.0212668 0.438135 -0.898458
0.0598487 0.0167447 -0.364685 -0.929055
-0.0441223 -0.06992 0.816416 0.571515
0.00267099 -0.122001 0.638434 0.759941
0.0342407 -0.0892861 -0.168981 0.980969
-0.0811859 0.166441 0.0173673 -0.98255
-0.157219 0.282556 -0.492636 -0.807932
-0.136868 0.172216 0.0634551 -0.973439
0.201638 -0.2299 0.385697 0.870474
0.137578 -0.11667 -0.192647 0.964545
0.157025 -0.187176 0.949415 -0.197279
-0.234042 0.202667 -0.0206291 -0.950644
-0.0202269 0.0528484 -0.736568 0.673992
0.402291 -0.333157 0.631948 0.572547
-0.154653 0.155613 -0.869906 0.441735
0.350058 -0.258324 0.0339852 0.899763
-0.391244 0.332926 -0.177003 -0.839499
0.385329 -0.440336 0.71881 0.375418
0.250237 -0.341336 -0.0969161 0.900821
-0.304094 0.501153 -0.207093 -0.783253
0.221084 -0.366404 0.84829 -0.311889
-0.493397 0.632097 -0.583437 -0.128894
-0.661396 0.640507 -0.187607 -0.342212
0.665196 -0.617728 0.404381 -0.111368
-0.602111 0.505024 0.475011 -0.395952
0.0560509 -0.0882822 0.734237 -0.670791
-0.511841 0.498847 0.00319041 0.6994
0.53343 -0.319506 -0.776866 -0.0992336
-0.226762 0.138596 0.936152 -0.230193
0.377669 -0.31841 -0.517313 -0.698833
0.0940474 -0.0703933 -0.940454 0.318976
-0.116031 0.15623 -0.492855 0.84807
0.139881 -0.23494 0.290832 -0.916871
0.133813 -0.215562 -0.958287 -0.131576
-0.150167 0.281122 0.733301 0.600575
0.0918107 -0.151324 0.344834 -0.921825
0.0120749 -0.00300094 -0.999259 -0.0364236
0.0454211 -0.0673954 0.95162 0.296336
0.0531417 0.0429908 -0.36494 0.928518
-0.19405 0.138804 -0.933288 0.268425
-0.330636 0.233899 -0.35791 -0.841351
0.118684 -0.134178 0.848216 -0.498438
0.360396 -0.241904 0.513381 0.740296
-0.363329 0.2366 -0.529324 -0.729266
0.0286059 -0.0665493 0.717128 -0.693167
-0.235555 0.18001 -0.954867 0.0184061
-0.23079 0.132079 -0.481446 -0.835165
-0.173581 0.137175 -0.94369 -0.245971
-0.128036 0.104615 -0.986131 -0.014448
0.0889947 0.0111144 -0.0892941 0.991959
-0.196763 0.0469994 -0.674081 -0.710416
-0.170215 0.0713931 -0.982096 -0.0376476
-0.112905 0.0478372 -0.990426 0.0634097
0.0705742 -0.016147 0.994796 0.07169
0.00321454 0.0730147 -0.0294988 0.996889
-0.0396575 0.0582129 0.40357 0.912233
0.0181786 -0.0638118 0.609869 -0.78972
0.00898026 0.0599965 -0.833498 0.549182
-0.0688168 0.00464218 0.504656 0.860561
0.0245535 0.0519548 -0.886182 -0.45976
0.0431838 -0.0899661 0.974832 -0.19936
-0.0993125 0.0985883 -0.987964 0.0659162
0.0267077 0.0399705 -0.385149 0.921601
-0.131978 0.0924576 -0.915807 0.367874
0.209705 -0.0838925 0.972627 0.0546195
-0.236867 0.0213984 -0.522064 -0.819076
0.267446 -0.0451319 0.93297 0.23665
0.254477 -0.0255364 0.95135 0.171822
0.127678 -0.037255 0.875618 -0.464331
-0.162798 -0.0748174 -0.244713 -0.952898
0.178771 0.0787548 0.391809 0.899069
-0.171651 -0.00960486 -0.974259 0.145818
0.0863362 0.0640303 -0.208723 0.97205
0.227675 -0.0284884 0.963527 -0.137723
-0.224376 0.0444322 -0.962876 0.143353
-0.215294 -0.0202188 -0.373834 -0.901936
-0.195977 -0.0170903 -0.356885 -0.9132
0.134292 0.0366558 0.0473249 0.989132
-0.141072 0.0727911 -0.962293 0.22089
-0.0434035 -0.0614509 0.39144 -0.917123
0.149682 -0.00103181 0.195531 0.969207
0.225435 -0.0985817 0.833419 0.494846
-0.170405 0.134028 -0.94803 0.232891
0.0980293 0.0322169 -0.140907 0.984631
0.202158 -0.073943 0.595478 0.773996
-0.140119 0.13294 -0.96947 0.151068
-0.198493 0.0851033 -0.758329 -0.615057
-0.18209 0.0238235 -0.43335 -0.882317
-0.184796 0.0608368 -0.980557 -0.0256407
-0.0494608 0.051517 -0.751156 0.65625
0.13691 -0.0386136 0.98977 0.0109612
0.0300384 0.0477142 -0.584449 0.809469
-0.0779927 0.0410656 -0.993478 0.0723298
0.109874 0.0312107 -0.0170585 0.993309
0.117437 0.0184978 0.219164 0.968418
0.113418 0.0199603 0.170319 0.978637
0.0721873 0.0640777 -0.631951 0.768974
0.0576641 -0.0574625 0.949059 0.304401
-0.112583 0.0216741 -0.609256 -0.784642
-0.0382335 0.0854519 -0.961036 0.260089
0.074233 -0.0909171 0.948246 -0.295048
0.167508 -0.034209 0.60174 0.780179
0.182344 -0.103066 0.967842 0.139317
-0.133475 -0.00730459 -0.223476 -0.9655
-0.172244 0.0922565 -0.814652 -0.546043
0.092772 -0.138237 0.975855 0.141388
0.0857453 -0.0874193 0.798444 0.589485
0.134699 0.114241 -0.687899 0.703988
0.160937 0.120347 -0.762215 0.615341
-0.00166276 -0.097564 0.870327 0.48271
0.00741597 -0.114719 0.92979 0.349679
-0.0969613 -0.123132 0.675019 -0.720962
0.0986402 0.113941 -0.555726 0.817591
-0.100971 0.0478145 -0.552767 -0.825813
-0.127513 -0.00313489 -0.259634 -0.957246
0.0168839 0.132424 -0.873949 -0.467324
-0.16761 -0.19348 0.938493 -0.231738
-0.1938 -0.190512 0.904309 -0.329199
-0.0708895 0.0569067 -0.549832 -0.830314
-0.0816155 0.047372 -0.508507 -0.855871
0.150233 0.195837 -0.953709 -0.171807
-0.047487 -0.145915 0.82367 0.545913
0.0341729 0.138075 -0.815558 -0.560922
0.250386 0.151934 -0.412125 0.862772
-0.0843769 -0.15862 0.917191 0.355641
0.0238891 0.120928 -0.828222 -0.546676
0.0367701 -0.0822973 0.673081 0.734055
-0.148339 -0.0133327 -0.0587607 -0.987099
-0.152164 -0.126256 0.913413 -0.355783
-0.0183813 -0.102679 0.891604 0.440638
-0.131106 -0.0416403 0.498353 -0.855992
0.0775882 -0.049582 0.362107 0.927577
0.0135474 0.092105 -0.982809 -0.159438
-0.0936002 -0.0554475 0.5967 -0.795056
0.0204774 0.124314 -0.980407 -0.151421
-0.0550171 -0.149593 0.981122 -0.109519
-0.0257723 -0.14558 0.973875 0.172364
-0.0429581 -0.16163 0.984232 0.057602
0.0673076 -0.0282983 0.456978 0.886476
0.0299831 -0.134922 0.895225 0.423639
-0.0346082 0.146881 -0.9339 -0.324128
0.0275417 -0.194587 0.917001 -0.347112
-0.0255895 -0.0154737 -0.265275 -0.963709
-0.0247436 0.148983 -0.808165 0.569264
0.012075 0.0394127 -0.229358 0.972469
-0.0361841 -0.00559442 0.398323 -0.916514
0.0459936 -0.0887126 0.701685 0.705445
0.0229094 -0.0126707 -0.435434 0.89984
0.00854773 -0.0360838 0.106111 0.993663
0.0927634 -0.0986281 0.884373 -0.446713
0.161912 -0.0983922 0.887604 -0.419836
0.274506 -0.00217314 0.508908 -0.815876
0.31597 0.0789614 -0.013387 -0.945383
0.0465532 0.0971032 -0.634288 -0.76556
0.38404 -0.0086472 0.919197 0.0866862
0.504382 0.0857996 0.687213 -0.515728
0.436244 0.0605675 0.867036 -0.232962
0.0740934 0.111649 -0.544118 -0.828239
0.108705 -0.0897337 0.855428 0.498371
-0.0209728 0.0867603 -0.577337 -0.811612
0.0726528 0.274294 0.883993 -0.371538
0.0977263 0.256375 0.925078 0.262587
-0.105584 -0.764723 -0.200051 0.60335
-0.122136 -0.656156 -0.730238 -0.145927
0.0159665 -0.620678 0.530855 0.576799
0.116708 -0.989415 0.0354839 -0.0786035
0.268044 -0.711802 0.625048 0.175516
0.129278 -0.21171 0.796261 0.551756
-0.428784 0.597389 -0.300351 0.607503
-0.209214 0.354287 -0.847785 -0.334621
0.23475 -0.380231 -0.160674 -0.880057
-0.0770617 0.118919 0.495233 0.857126
0.210629 -0.452178 0.714496 -0.490578
0.0694871 -0.436123 0.714281 -0.542929
-0.0222254 -0.334401 0.181321 -0.924557
-0.0541127 -0.11219 -0.352359 -0.927539
-0.0340102 0.234943 -0.937005 -0.256254
-0.0614795 -0.0295796 -0.507823 -0.858756
0.0368288 -0.177502 0.919284 0.349361
-0.0267099 -0.268408 0.736512 -0.620317
-0.00968149 0.198122 -0.949425 -0.243404
-0.00677997 0.169526 -0.895736 -0.410939
-0.092232 0.0024248 -0.577641 -0.81106
-0.173448 -0.128978 -0.168236 -0.961757
0.173839 0.261356 -0.832523 0.456485
-0.0340931 -0.163914 0.961664 0.217192
-0.0585217 -0.195097 0.966022 -0.159103
-0.0637864 0.0535395 -0.668424 -0.739104
-0.00763343 0.184177 -0.959948 -0.210999
0.0349596 -0.129946 0.853013 0.504242
-0.0232517 0.145029 -0.871521 -0.467844
0.0882833 0.00274261 0.518231 0.850668
-0.116173 -0.0749041 -0.207967 -0.96832
0.0266316 0.178797 -0.981152 0.0682836
-0.0277991 0.139826 -0.97646 -0.161867
0.0563536 0.0519854 0.098463 0.992183
-0.0411521 0.159083 -0.98507 -0.0513367
0.0700982 0.0261247 0.345984 0.935254
0.0393498 -0.138865 0.942965 0.299976
0.0672429 -0.0335693 0.590429 0.803583
-0.0703483 0.0816801 -0.852101 -0.512155